209065007,pay.jjmyx.top
209055184,pay.jjmyx.top